(
    p1x: 4.185182738802152,
    p1y: 7.47733088622729,
    a: 2.2820621819430063,
    l1: 3.384397423166797,
    l2: 9.583559497948006,
    l3: 4.166595443054489,
    l4: 7.7999534408911515,
    l5: 6.254292817898202,
    g: 4.004261383054636,
    e: 2.457514203165134,
    stat: c1b2,
)