(
    p1x: -8.989530872391285,
    p1y: -9.78286383764441,
    a: 0.5521607410768771,
    l1: 14.924114579489634,
    l2: 17.101834341784357,
    l3: 6.269537553891525,
    l4: 6.180265218339805,
    l5: 8.935613032011553,
    g: 1.062291761171759,
    e: 6.282630727217982,
    stat: c1b2,
)