(
    p1x: 6.330324418319465,
    p1y: 6.961470444732303,
    a: 2.44320566238281,
    l1: 6.431538541951465,
    l2: 9.524512056042976,
    l3: 6.966332898136067,
    l4: 7.15897101763398,
    l5: 3.6752405075081143,
    g: 3.660836399531708,
    e: 2.2538941802138424,
    stat: c1b2,
)