(
    p1x: -0.5169696947786129,
    p1y: -2.3353060737419393,
    a: 0.10621105729920388,
    l1: 3.274597393248943,
    l2: 11.592870304038014,
    l3: 2.953737575064536,
    l4: 9.36383684947428,
    l5: 3.7690592462950594,
    g: 1.258774684501588,
    e: 0.3208522032205584,
    stat: c1b2,
)